version https://git-lfs.github.com/spec/v1
oid sha256:a254ac8a4d491f4961bf1bd2b36bb2830861523b902d63cd759861aff5af31e1
size 24920
